i	0	1	1	0	0	1	0	1
ɪ	0	1	1	0	0	1	0	0
u	2	1	1	0	0	1	1	1
ʊ	2	1	1	0	0	1	1	0
eɪ	0	2	1	0	0	1	0	1
oʊ	2	3	1	0	0	1	1	1
ɔɪ	2	0	1	0	0	1	1	0
ɔ	2	0	1	0	0	1	1	1
ɑ	2	3	1	0	0	1	0	1
æ	0	3	1	0	0	1	0	1
ʌ	2	2	1	0	0	1	0	0
aʊ	2	3	1	0	0	1	1	1
aɪ	2	3	1	0	0	1	0	1
j	3	1	1	0	0	0	1	0
w	4	0	4	0	0	0	1	0
ɛ	0	2	1	0	0	1	0	0
ɝ	0	0	1	3	0	1	0	0
r	3	0	1	3	0	0	1	0
l	3	0	1	1	0	0	0	0
p	1	0	8	0	0	0	0	1
b	1	0	8	0	0	0	0	0
f	1	0	8	0	0	0	0	1
v	1	0	8	0	0	0	1	0
m	1	0	3	0	1	0	0	0
t	1	0	5	1	0	0	0	1
d	1	0	5	1	0	0	0	0
θ	1	0	5	2	0	0	0	1
ð	1	0	5	2	0	0	0	0
n	1	0	0	1	1	0	0	0
s	1	0	5	1	0	0	0	1
z	1	0	5	1	0	0	0	0
ʧ	0	1	4	0	0	0	0	1
ʤ	0	1	4	0	0	0	0	0
ʃ	0	1	5	0	0	0	0	1
ʒ	0	0	4	0	0	0	0	0
k	2	1	5	0	3	0	0	1
g	2	1	5	0	3	0	0	0
ŋ	0	1	0	0	4	0	0	0
h	0	0	0	0	2	0	0	0
ə	0	0	1	0	0	1	0	0